rows cols W | packed ms | dequant+fp16 ms | speedup
4096 4096 16 | 0,158 | 0,931 | 5,88x
4096 4096 32 | 0,172 | 0,979 | 5,70x
4096 4096 64 | 0,284 | 1,139 | 4,01x
4096 4096 128 | 0,463 | 1,207 | 2,61x
4096 4096 512 | 1,496 | 3,463 | 2,31x
14336 4096 16 | 0,349 | 3,238 | 9,29x
14336 4096 32 | 0,519 | 3,405 | 6,56x
14336 4096 64 | 0,892 | 3,318 | 3,72x
14336 4096 128 | 1,469 | 4,644 | 3,16x
14336 4096 512 | 5,191 | 12,556 | 2,42x
4096 14336 16 | 0,559 | 4,649 | 8,32x
4096 14336 32 | 0,656 | 4,713 | 7,19x
4096 14336 64 | 0,860 | 5,101 | 5,93x
4096 14336 128 | 1,520 | 6,024 | 3,96x
4096 14336 512 | 5,211 | 15,511 | 2,98x
