rows cols W | packed ms | dequant+fp16 ms | speedup
4096 4096 16 | 0,197 | 1,032 | 5,24x
4096 4096 32 | 0,193 | 1,085 | 5,63x
4096 4096 64 | 0,298 | 1,118 | 3,75x
4096 4096 128 | 0,590 | 1,387 | 2,35x
4096 4096 512 | 1,730 | 3,717 | 2,15x
14336 4096 16 | 0,394 | 3,593 | 9,13x
14336 4096 32 | 0,552 | 3,535 | 6,41x
14336 4096 64 | 0,874 | 3,479 | 3,98x
14336 4096 128 | 1,521 | 4,598 | 3,02x
14336 4096 512 | 5,056 | 12,640 | 2,50x
4096 14336 16 | 0,545 | 4,532 | 8,32x
4096 14336 32 | 0,577 | 4,716 | 8,18x
4096 14336 64 | 0,867 | 4,897 | 5,65x
4096 14336 128 | 1,523 | 5,860 | 3,85x
4096 14336 512 | 5,386 | 15,920 | 2,96x
