rows cols W | packed ms | dequant+fp16 ms | speedup
4096 4096 16 | 0,199 | 1,000 | 5,03x
4096 4096 32 | 0,175 | 0,947 | 5,40x
4096 4096 64 | 0,274 | 1,016 | 3,70x
4096 4096 128 | 0,479 | 1,227 | 2,56x
4096 4096 512 | 1,573 | 3,642 | 2,31x
14336 4096 16 | 0,362 | 3,506 | 9,68x
14336 4096 32 | 0,571 | 3,512 | 6,15x
14336 4096 64 | 0,863 | 3,538 | 4,10x
14336 4096 128 | 1,509 | 4,682 | 3,10x
14336 4096 512 | 5,493 | 12,903 | 2,35x
4096 14336 16 | 0,532 | 4,995 | 9,39x
4096 14336 32 | 0,615 | 4,820 | 7,83x
4096 14336 64 | 0,869 | 4,945 | 5,69x
4096 14336 128 | 1,541 | 5,968 | 3,87x
4096 14336 512 | 5,396 | 15,482 | 2,87x
