type rows cols batch | packed mean max | dequant-fp16 mean max | mean ratio
12 512 512 16 | 3,713e-03 4,619e-03 | 2,580e-04 2,124e-04 | 14,39
12 1376 512 64 | 3,762e-03 3,813e-03 | 2,612e-04 2,799e-04 | 14,40
12 512 1536 128 | 3,727e-03 3,543e-03 | 2,597e-04 2,515e-04 | 14,35
12 512 4096 512 | 3,763e-03 4,051e-03 | 2,616e-04 2,617e-04 | 14,38
13 512 512 16 | 3,703e-03 3,423e-03 | 2,580e-04 2,734e-04 | 14,35
13 1376 512 64 | 3,752e-03 3,631e-03 | 2,608e-04 2,545e-04 | 14,38
13 512 1536 128 | 3,750e-03 3,132e-03 | 2,613e-04 2,069e-04 | 14,36
13 512 4096 512 | 3,761e-03 3,951e-03 | 2,620e-04 2,578e-04 | 14,36
14 512 512 16 | 3,764e-03 3,621e-03 | 2,559e-04 2,344e-04 | 14,71
14 1376 512 64 | 3,751e-03 3,367e-03 | 2,606e-04 2,480e-04 | 14,39
14 512 1536 128 | 3,732e-03 3,855e-03 | 2,587e-04 2,423e-04 | 14,43
14 512 4096 512 | 3,761e-03 3,516e-03 | 2,612e-04 2,368e-04 | 14,40
